5700006
5460895
5730079
5451470
5636807
5376092
5723401
5749855
5444802
5697918
5744754
5576493
5522396
5481115
5720836
5419035
5605211
5738511
5593269
5620994
5521942
5664754
5696661
5630758
5445055
5621859
5577934
5389089
5559465
5224077
5853861
5496533
5614337
5681850
5456161
5657523
5838849
5322941
5428969
5569020
5555627
5303072
5744513
5449719
5719325
5585868
5724333
5472749
5744215
5758266
5431000
5591752
5313306
5422161
5834619
5488493
5626139
5800655
5901258
5608950
5497489
5696622
5386991
5439444
5592303
5560962
5581825
5599143
5478546
5560192
5557405
5685407
5620167
5580677
5412959
5489093
5516553
5508232
5770312
5729532
5503657
5592644
5886763
5601629
5618165
5704369
5607408
5691522
5694976
5457028
5700849
5714319
5465957
5592204
5248788
5911374
5590609
5747862
5566164
5741019
5642856
5646611
5702521
5585884
5239100
5518730
5385163
5345814
5649876
5629693
5266902
5805504
5870718
5609683
5396356
5737318
5695464
5560209
5520384
5719052
5524652
5760608
5651415
5543283
5886056
5563221
5424584
5861442
5538477
5770735
5410507
5467649
5602308
5772792
5569774
5751463
5393220
5726943
5406750
5464303
5215989
5546718
5632702
5435797
5398241
5722829
5740048
5585244
5857170
5595451
5725870
5375400
5777243
5872563
5759696
5550218
5559267
5851081
5457114
5524804
5583530
5523175
5573147
5824596
5401777
5651650
5634269
5685405
5775208
5664370
5958341
5679694
5928457
6087659
5904566
6130248
5631791
6060316
5351378
5850081
5778606
5715582
5829082
5400244
5825944
5606252
5758403
5628097
5531648
5744383
5692111
5977376
5521851
5807712
5525774
5814599
6006471
5594809
5492946
5563175
5433197
5639244
5336564
5609053
5737889
5655586
5817616
5590728
5560561
5581940
5989598
5370936
5467156
5439146
5515400
5801170
5406389
5616262
5589726
5736281
5837902
5808619
5570217
5749916
5734628
5685701
5282181
5661833
5820578
5686450
5521516
5636415
5568970
5613618
5963947
5470994
5600688
5983201
5629548
5750382
5923887
5757338
5929237
5720947
5708110
5639342
5333797
5924447
5555931
5492655
5607002
5717811
5694565
5650733
5696490
5572916
5784142
5540007
5445937
5687826
5489541
5781263
5993374
5752268
5629817
5714202
5657484
5799880
5883862
5751791
5694430
5818496
6330657
5732692
5636949
5503313
5722972
5519637
5940350
5597580
5673522
5546890
5815013
5882422
5653656
5653047
5471437
5814367
5598026
5787075
5591011
5599611
5604097
5688775
5557443
5839680
5836335
5539215
5624833
5856666
5613126
5426728
5558520
5692079
5609144
5538638
5616108
5643865
5607709
5584220
5537910
5700176
5462303
5445770
5599652
5734057
5723743
5608891
5595097
5286731
5189138
5646120
5755653
5369064
5485672
5799423
5373963
5553157
5645063
5408122
5484834
5473249
5791016
5692683
5659351
5752750
5229546
5479464
5907577
5650140
5604646
5660343
5609808
5574318
5430423
5707912
5863559
5852872
5838680
5428251
5710637
5813446
5544633
5495513
5407418
5699211
5548616
5800416
5738146
5519118
5891552
5622179
5640628
5563073
5293689
5791187
5682830
5618920
5476328
5362692
5712357
5492387
5732610
5484322
5605619
5640003
5825478
5336099
5315786
5682368
5808777
5343230
5689239
5434146
5413057
5714340
5528926
5808105
5886714
5660477
5677429
5709479
5511408
5609667
5582309
5621635
5690863
5617232
5756161
5702242
5846143
5643265
5538666
5711194
5540049
5674298
5547667
5515131
5596022
5399865
5767144
5756028
5761828
5734492
5866857
5619359
5837344
5722298
5669538
5721870
5864207
5805121
5817316
5573911
5424681
5615041
5462356
5274531
5935407
5657246
5661241
5669596
5654092
5742187
5628596
5282343
5711252
5659262
5648368
5581598
5660363
5480595
5478404
5813075
5463671
5628542
5721220
5759283
5689877
5746966
5590562
5367270
5483279
5421987
5541460
5470505
5479375
5779741
5871300
5510318
5521454
5617530
5790841
5810187
5679410
5797047
5762261
5434164
5630384
5609986
5487508
5768684
5904422
5660150
5571265
5367334
5739604
5451404
5600314
5371124
5479419
5511204
5437106
5521316
5825741
5875775
5526741
5574922
5870849
5732088
5517311
5631012
6063553
5435500
5729063
5810716
5692595
5641585
5742313
5306518
5727654
5692577
5337607
5535774
5524871
5625467
5557230
5949837
5565503
5695691
5752228
5273613
5368069
5877436
5622852
5992663
5701493
6218736
5519458
5729697
5559398
5732545
5576357
5813391
5889959
5807858
10041450
5667625
5510078
5919677
5652545
6072300
5211003
5677364
6226052
5586131
5750400
5453647
5731968
5773573
5656217
5332138
5773223
5860622
5837686
5386078
5778171
5403967
5691577
5783124
5480192
5605025
5771281
5885722
5502791
5768765
5832560
5764232
5759222
6087564
5598065
5637732
5664339
5782776
5569857
5636049
5686010
5720677
5656624
5561389
5497450
5944798
5544167
5740784
5956952
5764779
5646077
5214868
5500774
5570865
5561393
5567810
5992772
5879021
5539313
5876894
5386552
5612865
5574561
5657968
5730168
5155448
5468173
5335517
5600773
5292637
5524905
5462105
5403647
5805973
5745509
5691810
5561747
5573549
5867952
5476336
5608893
5595139
5529047
5928723
5533991
5631382
5535729
5645050
5376805
5522430
5628517
5914548
5589228
5376513
5444630
5442832
5601660
5575423
5855931
5623590
5775257
5945883
5561365
5615088
5916327
5918560
5932998
5377131
5734107
5879477
5705655
5934326
6014840
5518465
5622914
5538999
5684411
5708794
5487407
5584412
5607031
5625465
5623412
5655404
5540279
5669455
5650723
5536612
5365052
5613559
5671518
5797977
5776422
5631323
5365444
5775055
5596247
5530504
5803871
5873175
5669550
5529478
5452079
5876939
5411168
5398959
5739561
5650895
5506241
5442197
5407268
5759730
5666374
5552981
5579135
5526267
5412555
5893931
5519488
5710507
5501860
5706327
5652079
5413657
5931510
5856409
5859976
5353243
5523798
5298228
5542102
5372314
5816557
5909644
5608699
5801075
5535851
5561527
5526934
5696357
5773387
5929377
5476119
5593368
5495267
5817666
5541183
6039799
5555265
5332821
5573878
5600395
5459214
5714052
5648393
5507182
5389068
5533874
5920406
5726130
5690956
5365820
5702468
5583040
5884692
5726404
5510625
5229144
5550930
5498711
5843916
5865944
5672957
5960216
5934352
5955807
5934344
5735940
5798392
5447019
5600051
5642354
5724163
5628040
5716451
5511933
5430097
5498150
5840469
5453551
5850312
5749141
5521824
5485108
5707702
5818079
5767855
5730214
5544163
5692569
5944934
5806560
5528160
5750153
5975232
5419062
5909159
5630375
5744635
5435670
5454181
5777378
5358148
5509846
5580758
5607103
5878675
5629279
5828114
5466479
5625665
5789177
5835825
6062253
5438326
5923716
5687055
5808579
5700592
5600045
5554299
5464752
5508882
5477617
5722180
5730059
5575469
5747501
5154881
5546068
5422244
5641970
5672260
5715522
5786808
5642915
5501114
5832303
5518834
5738468
5806394
5476544
5479757
5863569
5882556
5947066
5894518
5369116
5852271
5756025
5654808
5670534
5554417
5543697
5366887
5866203
5674520
5622651
5517368
5252455
5498837
5605034
5563170
5868918
5545643
5774993
5827244
5869924
5488875
5795354
5722139
5501667
5675627
5583734
5408446
5301250
5338767
5530950
5750624
5718708
5580058
5546274
5389597
5562954
5505832
5386465
5366677
5683682
5727146
5512941
5895607
5676020
5587832
6114084
5461953
5359571
5679488
5487760
5559980
5844923
5418717
5729854
5548345
5416831
5729218
5707778
5396767
5755479
5716687
5698995
5524351
5705385
5563921
5681659
5698128
5764536
5687463
5194792
5539076
5709455
5268277
5591185
5506102
5703191
5446411
5376422
5615098
5572527
5756378
5700574
5775191
5533205
5869997
5685312
5577926
5569790
5613181
5798326
5427281
5572719
5380767
5699237
5619315
5741420
5511127
5400838
5512146
5650136
5838297
5835010
5474907
5770662
5620365
5551356
5597007
5643097
5677022
5519617
5930848
5510656
6032869
5856849
5628043
5818275
5312288
5584379
5620695
5577276
5380074
5626580
5749286
5826825
5652352
5866798
5621307
6216457
5463448
5727623
5487256
5639761
5781071
5723459
5551366
5581807
5791651
5366053
5702823
5776288
5509617
5649861
5560779
5713195
5470077
5689144
5741434
5600931
5632575
5717864
5586742
5609484
6007097
5859659
5781774
5374465
5591167
5632755
5591479
5486099
5593338
5615503
5672121
5768583
5528605
5609014
5340901
5888611
5825581
5136860
5757826
5882704
5737400
5812800
5571798
5576474
5731476
5655717
5650401
5394560
5655723
5530193
5863620
5699368
5685727
5551484
5610265
5962262
5754599
5813747
5636569
5599176
5741205
5259836
5456669
5508774
5620991
5759493
5942336
5681565
5682545
5262987
6060022
5774147
5422031
5764830
5748779
5521044
5496947
5478685
5830990
5683043
5951482
5648800
5669936
5605079
5738533
5631983
6177232
5698755
5733642
5497949
5657337
6042303
5557271
5603294
5501044
5662357
5485936
5802002
5982681
5665193
5733758
5953515
5789855
5594761
5782651
5491703
5517614
5393263
5619272
5680026
5908082
5574114
5544042
5661252
5472129
5901923
5503097
5572065
5752896
5424969
5497320
5806138
5399607
5700199
5888601
5736412
5709981
5701329
5517363
5704720
5895522
5695282
5756159
5659418
5520455
5966932
5637094
5247631
5739405
5876424
5343660
5969541
5726610
5695284
5587036
5518639
5776442
5567033
5811105
5698695
5578867
5383447
5642545
5505975
5848662
5787123
5383265
5913258
5546420
5826185
5615128
5529936
5595984
5784889
5338425
5808571
5585406
5574733
5413576
5766773
5508016
5715410
5711892
5414722
5667445
5742626
5703131
5490865
5639097
5942211
5878878
5857559
5765269
5669384
5261635
5713250
5824294
5724138
6043558
5552775
5680146
5713852
5706520
5908543
5741424
5470593
5516617
5597016
5586479
5679661
5970644
5446254
5536511
5618230
5703991
5764289
5744416
5608848
5828175
5606438
5707136
5428317
5774932
5834274
5577187
5679844
5594850
5712586
5467496
5559117
5722876
5339882
5827301
5485160
5531106
5518923
5797620
5609201
5772929
5508993
5668647
5485792
5645804
5707677
5337216
5225336
5830321
5523376
5559492
6074407
5420730
5487512
5699938
5757135
5553141
5995582
5634992
5573526
5890866
5686381
5681753
5835165
5442466
5772164
5723921
5779782
5596783
5494084
5873275
5454422
5939381
5442156
5759246
5782049
5739063
5589280
5800937
5359905
5653897
5556606
5753930
5334108
5612122
5761026
5613755
5611043
5647233
5591977
5302358
5630990
5463311
5268417
5548321
5334050
5737913
5578824
5802803
5967971
5823521
5603761
5870908
5804805
5707623
5471494
5831762
5725524
5670603
5111758
5677010
5485249
5571484
5431674
5835910
5430435
5612817
5426614
5607732
5565826
5576742
5805040
5607342
5550540
5593595
5755052
5554113
5707442
5360219
5463884
5769660
5827566
5483719
5871171
5713602
5566972
5748161
5384234
5396539
5539458
5496284
5680186
5790003
5512346
5665993
5794609
5345354
5728658
5481085
5432435
5720775
5355608
5747187
5492312
5710125
5580643
5389532
5714807
5534867
5674289
5766240
5911288
5633303
5680554
5691159
5654972
5678405
5565683
5336215
5872515
5621281
5645846
5818608
5729436
5521204
5824021
5442172
5683409
5683395
5518771
5525794
5857024
5745956
5703110
5901656
5762087
5540819
5537590
5502361
5937308
5517891
5771314
5625543
6040125
5958236
5804006
5675672
5516858
5442352
5502298
5608557
5521034
5462447
5655077
5397765
5473325
5832960
5638884
5911354
5669143
5708792
5288256
5546329
6121149
5769245
5577328
5858598
5741762
5961771
5593894
6037509
5752372
5499555
5801293
5801202
5706639
5692994
5871861
5485411
5633022
5621823
5437210
5654330
5677676
5928781
5681346
5676058
5799747
5750653
6117321
5636200
5572746
5552945
5544315
5651673
5475779
5416633
5307852
5680336
5502637
5590527
5932121
5628959
5847407
5877265
5703434
5723928
5808684
5905717
5926362
5864029
5812754
5697465
5373167
5690267
5315620
5529976
5767892
5714793
5405721
5626639
5513931
5535224
5736325
5982926
5892271
5521601
5619721
5729152
5598787
5743404
5930391
5893579
5367238
5451932
5318379
5756726
5741861
5401142
5613693
5974897
5572675
5417210
5528944
5478389
5682281
5679476
5667406
5647417
5774369
5532482
5873669
5593457
5615171
5785108
5953769
5597771
5492794
5518059
5720599
5787465
5597977
5644656
5832366
5525652
5552587
5536305
5699401
5714598
5930052
5791203
5678540
5539133
5757113
5625449
5782517
5363914
5890050
5833050
5739749
5916932
5813585
5795301
5696861
5831732
5685816
6159884
5667309
5796811
6162398
5739349
5689810
5469659
5675657
5548074
5311219
5704460
5899852
5526960
5668280
5593144
5486045
5636351
5377843
5496001
5841278
5654154
5560589
5591690
5763484
5533343
5648530
5532181
5864813
5853430
5789116
5898541
5814425
5443259
5732676
5775470
5715550
5760281
5921665
5306655
5863782
5791337
5843528
5701262
5735266
5808982
5773324
5538904
5460849
5677121
5647925
5768943
5721437
6017565
6144528
5881366
5653119
5464497
5433257
5503793
5775984
5601887
5897320
5825021
5598660
5930216
5413663
5835590
5958456
5620171
5880738
5769190
5641227
5483347
5534695
5821100
5271065
5477755
5613551
5833363
5647853
5601652
5557038
5556751
5701335
5784660
5654867
5543343
5658345
5550414
5602684
5680826
5723550
5814818
5686693
5393263
5832192
5654892
5739304
5664394
5641469
5750499
5713759
6002825
5727392
5794264
5597662
5699669
5716485
5601746
5610359
5719909
5665072
5827628
5262567
5564745
5583748
5682862
5353832
5323407
5492029
5386145
5664665
5757579
5510085
5545981
5673760
5415046
5857280
5968680
5459859
5766552
5631838
5889441
5711757
5647148
5676222
5979715
5839107
5654466
5683883
6215346
5913918
5373772
5595351
5496997
5645456
5550973
5872955
5671244
5724310
5593418
5980834
5563852
5651472
5232674
5521950
5721166
5707505
5766230
5469161
5923147
5716009
5638046
5585608
5595455
5542827
5291648
5819005
5731629
5874284
5599550
5736318
5845504
5439674
5483168
5748473
5664379
5537483
5579369
5756675
5584981
5591969
5650530
5764832
5460748
5593318
5620976
5686361
5468326
5472206
5450083
5541408
5710679
5538934
5462861
5684917
5770498
5718382
5473716
5712504
5842998
5562099
5582717
5829203
5806989
5764785
5555234
5781510
5722215
5860252
5653778
5946553
5344056
6065668
5494237
5833386
5523706
5968664
5698363
5313625
5340135
5619910
5415695
5654078
5613575
5499853
5664957
5629900
5596672
5788472
5695458
5687433
5414469
5537127
5773858
5807872
5509012
5633488
5570842
5716447
5950140
5947900
5622115
5230543
5814816
5872434
5761335
5895804
5565132
5204772
5990584
5599460
5734462
5477425
6020956
5904571
5835846
5600077
5799971
5671745
5744898
5539716
5713582
5811951
5860529
5671605
5801941
5609021
5809903
5792220
5731466
5335734
5607496
5878213
5673667
5745126
5664509
5359535
5732126
5772766
5716655
5501217
5620183
5472427
5563170
5684308
5919116
5488958
5267777
5467688
5814261
5801765
5886454
5482329
5568970
5220210
5972483
5549309
5719376
5626281
5702456
5644720
5586874
5581503
5583442
5894054
5824819
5658948
5681257
5641905
5924971
5770265
6071778
5773294
5445215
5730623
5760376
5906934
5629614
5817458
5972105
5512346
5684251
5486207
5489934
5967382
5985503
5424123
5670846
5417841
5879718
5681069
5560772
5658760
5662893
5792598
5660246
5692144
5899233
5803127
5413756
5394630
5791586
5554684
5898675
5997639
5841103
5606027
5997939
5634745
5892907
5616608
5647695
5829888
5787467
5741950
5747780
5526847
5818565
5741098
5540475
5574859
5454503
5727713
5681427
5758866
5719218
5645541
5579493
5842007
5721196
5447996
5791946
5663140
5344801
5326274
5455625
5525205
5761226
5732524
5339803
5649298
5593018
5567043
5699948
5638611
5517757
5856189
5976551
5787436
6259504
5919489
5957009
5821060
5592551
5887142
5981417
5731962
5651201
6151381
5681722
5563719
5998188
5789485
5877320
5606032
5716305
5329734
5726081
5629690
5698291
5543236
5604261
5784284
5372094
5816642
5423332
5946076
5522791
5647889
5575873
5653563
5625661
5626460
5717917
5619778
5638473
5975407
5626372
5805546
5602761
5706600
5273549
6028979
5518327
5565879
5684439
5952551
5595951
5663264
5862713
5505718
5532624
5856779
6057700
5503856
5535377
5710127
5684180
5678490
5617132
5432405
5490134
5120469
5841372
5768832
5698370
5633758
5333807
6061148
5898267
5860439
5832563
5889366
5457653
5686397
5791193
6153642
5146962
5681949
5721202
5640530
5886761
5844018
5688312
5772222
5406622
5904145
5582702
5605245
5739189
5502362
5669902
5460445
5645713
5540467
5558793
5668184
5736691
5759046
5610363
5653070
5614644
5622853
5781505
5526036
5676787
5475227
5649851
5793149
5591192
5483176
5473194
5568237
5885800
5672999
5753805
5354166
5887376
5961511
5620049
5432741
5634146
5400079
5587882
5583339
5553070
5726320
5995098
5450139
5825622
5623120
5590113
5565361
5540877
5526488
5634486
5713558
5830659
5473006
5608069
5618602
5694251
5476683
5492814
5854440
5882799
5658778
5623261
5500983
5810087
5802338
5521154
5836501
5781108
5456129
5834669
5897670
5843145
5532776
5628867
5998554
5432611
5622350
5628334
5678854
5884903
5612995
5593977
5513212
5614438
5478532
5729739
5544536
5553440
5815395
5616798
5645674
5742610
5463613
5544534
5444324
5557495
5587054
5836519
5673042
6030681
5421355
5721988
5688836
5601978
5427575
5431151
6008192
5559803
5724109
5803925
5598765
5788511
5520915
5367472
5678340
6028893
5559198
5846771
5731492
5829130
5837797
5978687
5432755
5901172
5659181
5646535
5559753
5915043
6141707
5310996
5732150
5857233
5798416
5531476
5927878
5778885
5369748
5635030
5583189
5717757
5770432
5893075
5831244
5571177
5641121
5462357
5631839
5807395
5629823
5726889
5606729
5747135
5503629
5741272
5698701
5493130
5597281
5573837
5584729
5700802
5725644
5696701
5660896
5907204
5529076
5891636
5689830
5596111
5463827
5704517
5976785
5391593
5844441
5766571
5794983
5430965
5565517
5889749
5643238
5712542
5920256
5464680
5534741
5521698
5344534
5497169
5733378
5999736
6608476
5689043
5646431
5841611
5854595
5812998
5889022
5858858
5573711
5960833
5694329
5702197
5660513
5682698
5568994
5526142
5669560
5342856
5807265
5728563
5622764
5755631
5784470
5580246
5633585
5260453
5762807
5503694
5740873
5486749
5496847
5767244
5531906
5816154
5625849
5738674
5540596
5859259
5980824
5623898
5720579
5718522
5511048
5631553
5800058
5514918
5573191
5361826
6045647
5673814
5570884
5676941
5429722
5709957
5721738
5586382
5509501
5503910
5583999
5657560
5580750
5334997
5467434
5799480
5543791
5947517
5418323
5500202
5653792
5351517
5483594
5277555
5584706
5862253
5483231
5711612
5342364
5918210
5566181
5875545
5703209
5406128
5650136
5498995
5478898
5362859
5307794
5603960
5698490
5570385
5582059
5751196
5723741
5830993
5736752
5624034
5674224
5572067
5815607
5684399
5802069
5550441
5596574
5480320
5442289
5812328
5746758
5571656
5523871
5742924
5695563
5598050
5607106
5363097
5788052
5716741
5700612
5777096
5336821
5533914
5716127
5823282
5833852
5408966
5465297
5632006
5421117
5750031
5697411
5459614
5766864
5290294
5732185
5924597
5823936
5760494
5592605
5680057
5723178
5786709
5790161
5597360
5465064
5882082
5752244
5675581
5767044
5579035
5547900
5536047
5769871
5432232
5878088
5704705
5390026
5665765
5636580
5637761
5821709
5428428
5918208
5965358
5703766
5730966
5605634
5180850
5830465
5892937
5954629
5626285
5589495
5662600
5897776
5601087
5734071
5692988
5772989
5448979
5930226
5334960
5560491
5605837
5433113
6026722
5533336
5888107
5716767
5708695
5676376
5552488
6067106
5555785
5753659
5934378
5573180
5739999
5570954
5522984
5468226
5453889
5936801
5759742
5547979
5615757
5755651
5397025
5883346
5621424
5596042
5796317
5892061
5526515
5703900
5868248
5540220
5764186
5456572
5500981
5451100
5477530
5680421
5632734
5672951
5222971
5551581
5456350
5875145
5906142
5747366
6174351
5752704
5965917
5470425
5644455
5578685
5460080
5858816
5649154
5665462
5450112
5777178
5425524
5662884
5785847
5405181
5774241
5652743
5643832
5806794
5250265
5425878
5526221
5835660
5396747
5869823
5792110
5787570
5748627
5812167
5827956
5858540
5589052
5634098
5528365
5987881
5642322
5934399
5363784
5819358
5650226
5621891
5615849
5758125
5565429
5556304
5512842
5780524
5775063
5755514
5693518
5715588
5781697
5773036
5764850
5724777
5842447
5431481
5564513
5665556
5609579
5915531
5764127
5661240
5587279
5754716
6045564
5827669
5663237
5600866
5574363
5796058
5714720
5705948
5376459
5628390
5676439
5348987
5703436
5922188
5494221
5574608
5815261
5716523
5685947
5712428
5726022
5815130
5681526
5578087
5616310
5589084
5727852
5778229
5770390
5572718
5597269
5652284
5697610
5364832
5731338
5565763
5449918
5594700
5626266
5597461
5630576
5619446
5934332
5711744
5767087
5644504
5534831
5533337
5802613
5719901
5282428
5519203
5322760
5615723
5438933
5450923
5588828
5623813
5917682
5744764
6085920
5803708
5591093
5673939
5724336
5538450
5517145
5751029
5705164
5722532
5829521
5647629
5613057
5667131
5839382
5674287
5487395
5902471
5704458
5530399
5629139
5592967
5768518
5462623
5801629
5743442
5770100
5699323
5283606
5686166
5631793
5586336
5523793
5630410
5758076
5457107
5672840
5622878
5776855
5269783
5783130
5680172
5727576
5264710
5718939
6001035
5822142
5773100
5776527
5261417
5234379
5582197
5621472
5817830
5864614
5846044
5606692
5615487
5331070
5371402
5922380
5561988
5334082
5899964
5570654
5520508
5565067
5593421
5931907
5732881
5459118
5563122
5700353
5815571
5670789
5758427
5847682
5580822
5787286
5724705
5551423
5496491
5474817
5817470
5619124
5596520
5849613
5828343
5655003
5934953
5612792
5623468
6479436
5753368
5690112
5353477
5361948
5588785
5544732
5704724
5665150
5534476
5473181
5828843
5309396
5802271
5547655
5384437
5685915
5369881
5666104
5880054
5535568
5468852
5474095
5642309
5644701
5807030
5672410
5521413
5646049
5331954
5236073
5756396
5676410
5767363
5603206
5748637
5479028
5491858
5635008
5661151
5882301
5674483
5591856
5632843
5599152
5542378
5948555
5660197
5748356
5678342
5913548
5798603
5796425
5952683
5539823
5554014
5592307
5641269
5745734
5445757
5963997
5836089
5763447
5772667
5579341
5489813
5763747
5686644
5611772
5380058
5529415
5686930
5506230
5643996
6055190
5523492
5918242
5629550
5551155
5671112
5819310
5605930
5739501
5668420
5587634
5515783
5589540
5647043
5565080
5724133
5370389
5229718
5575219
5615488
5597996
5910327
5945078
5634878
5304441
5566132
5800459
5634627
5458803
5818269
5529705
5980017
5707645
6059871
5878772
5893460
5605407
5999177
5662341
5717872
5740245
5653537
5868322
5806459
5769386
5507139
5346759
5686506
5675214
5444462
5921275
5731589
5631844
5730051
5674214
5479308
5665758
5731915
5552977
5681160
5486266
5673894
5521363
5596022
5448834
5483144
5837127
5734259
5706192
5486304
5619264
5859842
5564439
5585503
5735557
5816956
5876910
5651589
5891603
5416799
5597057
5653942
5839785
5845271
5669461
5888163
5754250
5508764
5598694
5779597
5618588
5606075
6058332
5672159
5608634
5745790
5837374
5812782
5704124
5956333
5517057
5407380
5912588
5774820
5983969
5996301
5640500
5689237
5964889
5868460
5751528
5568383
5680333
5932782
5249525
5763755
5528771
5721658
6033090
5519466
6039315
5867629
6296040
6013099
5733284
5522759
5806737
5751220
5779326
5931461
5350036
5771933
5863011
5479800
5741756
5745276
5713522
5443451
5943371
5163665
5555464
5472874
5885806
5891148
5761864
6042317
5917829
6082574
5669860
5706683
5790598
5831266
5855110
5327972
5918953
5611634
5394227
5842860
5798368
5735381
5736537
5701934
5942810
5503724
5835975
5674508
5517263
6093552
5966477
5448635
5644304
5445571
5719619
5513864
5774124
5520071
5818278
5468392
5568563
5609707
5390127
5561850
5838949
5533625
5993766
5521308
5669267
5588198
5844498
5662132
5602911
5853324
5740642
5564857
5983399
5368987
5745062
5597726
5741436
5625766
5714738
5480073
5583704
5780784
5874530
5406737
5586114
5591856
5511138
5587276
5652117
5618329
5833930
5476401
5692190
5601498
5630714
5537910
5492485
5639538
5930585
5643158
5830131
5567211
5754619
5837030
5797333
5484691
5762218
5710398
6019119
5651725
5650719
5845611
5892874
5768887
5664522
6035592
5709232
5701143
5347445
5699580
5562894
5787035
5594754
5925739
5808654
5720184
5819371
5848765
5748550
5838353
5386441
5673272
5736930
6094429
6825335
6366207
6167730
5755367
5690982
5969912
5583850
5765036
5496428
5662321
5675704
5574950
5682638
5855272
5977079
5593578
5660706
5535286
5681899
5783659
5661079
5790979
5256192
5764455
5667849
5886315
5615932
5731766
5380322
6103939
5416001
5836890
6019324
5698432
5365995
5763676
5464628
5895603
5928900
5771754
5766518
6004661
5916896
5729984
6015283
6001570
5730579
5674857
6037070
5806565
5458627
5666299
5662916
5602326
5969046
5667647
5739142
5811273
5794319
5515131
5706076
5774381
5764609
5543167
5635684
5478814
5635117
5597468
5621973
5565592
5587086
5495397
5352775
5706724
5730047
5910728
5986051
5829896
5501631
5805540
5998459
5593447
5719772
5662349
5781357
5333236
5691238
5640310
5769668
5716674
5698474
5490788
5832884
5614176
5942079
5697912
5654646
5670969
5227393
5549771
5391798
5650850
5823996
5718115
5797340
5539455
5610796
5852994
6001090
5792564
5424981
5900885
5890447
5658361
5367983
5931150
5816590
5782268
5653630
5519368
5609136
5872268
5480389
5581817
5934324
5833649
5548416
5783203
5770949
5891155
5637050
5790800
5915886
5863312
5671063
5663277
5440026
5652447
5383985
5702507
5785141
5754345
5605119
5894429
5594965
5373009
5668216
5860916
5605699
5906384
5666948
5892208
5705762
6053649
5778849
5729371
5873139
5612618
5738836
5627165
5626080
6085637
5832283
5825203
5963091
5725358
5683326
5874181
5590846
5658135
5927396
5647822
5935254
6250347
5679225
5879926
5839831
5994947
5785049
5864142
5941749
5513338
5589846
5832115
5355649
5638710
5733935
5405217
5440291
5789190
5881168
5736893
5802090
6192769
5424218
5575432
5706252
5923382
5554008
5897152
5606727
5689656
5677007
5588639
5818073
5986383
5620397
5694687
5935962
5683522
5881163
5837780
5990750
5592998
5959864
5653911
5747208
5809176
5942984
5504995
6012658
5635113
5774697
5779018
5529240
5841303
5802135
5850639
5506131
5674439
5709532
5985937
5855790
5645380
5714007
5401266
5650197
5723170
5605374
5958865
5192770
5715324
5412659
5531460
5217238
5794785
5753744
5878385
5555514
5695658
5525948
5871541
5312901
5797484
5637962
5927214
5720303
5912434
5562071
5715259
5616948
5808641
5808506
5573927
5871703
5639778
5864962
6147016
5565065
5644903
5453926
5450786
5569306
5807057
5803623
5718404
5838838
5703023
5856069
5698043
5539685
5675374
5825877
5678718
5845038
5816870
5900577
5489371
6034644
5676443
5745240
5719609
5527934
5419426
5822000
5406296
5475030
5903033
5795936
5656161
5493523
5788373
5586888
5804257
5783140
5583884
5365754
6002979
5944061
5543786
5433128
5551170
5859096
5942444
5840668
5809932
5638058
6014745
5661565
5565318
5838740
5662240
5674334
5797459
5682767
5803613
5703837
5647083
5737401
5827474
5776941
5835601
5807225
5804165
5842449
5718364
5772354
5695152
5530768
5869829
5437907
5577468
5776704
5539977
5549046
6033450
5846294
5644730
5976445
5563618
5766473
5467672
6049295
5628109
5641832
5822689
5615017
5673425
5519561
5814611
5548297
5697936
5460097
5514825
5674807
5961448
5813382
5757855
5476403
5281746
5584489
5989191
5367233
5707677
5539843
5709635
5444184
5854935
5901765
5674038
5650446
5588426
5590019
5602781
5498565
5822312
5525670
5754036
5776751
5680840
5633070
5679510
5729826
5464216
5670712
5857087
5524006
5648350
5678692
5457393
5813171
5665724
5684498
5750939
5612644
5700746
5892601
5791343
5637113
5801479
5642581
5729377
5432532
5474435
5687074
5556885
5970810
5526037
5405080
6077364
5887991
5728682
5552359
5945845
5229024
5321328
5288266
5635811
5378803
5488487
5862997
5548057
5789442
5468139
5761155
5786015
5398352
5649860
5788900
5651340
5627143
5752956
6065127
5784693
5374954
5557817
5759054
5909934
5516362
5788260
5622159
5584880
5968767
5600228
5684154
5646561
5497944
6005157
5614343
5549216
5364464
5389263
5840405
5688883
5544711
5781051
5447351
6021751
5433813
5614793
5879182
5739655
5556184
5670086
5908772
5859375
6193330
5679154
5780393
5843378
5637601
5325375
5606698
5359421
5805447
5833295
5862350
5411993
5885558
5901517
5729643
5632266
5612092
5580343
5870472
5644688
5760079
5993974
5898476
5819770
5616335
5582113
5656513
5717575
5462750
5566557
5730996
5629153
5555342
5649806
5591912
5354087
6034284
5860489
5800277
5418647
5634594
5977857
5620566
5676510
5601615
5892814
5253995
5667574
5534193
5756010
5708375
5424726
5771816
5948487
5658533
5597769
5759868
5668292
5862719
5606179
5803700
5390069
6057765
5674224
5636809
5698319
5667054
5827781
5571565
5936104
5407921
5511571
5786033
5970279
5708871
5705250
5689895
5990835
5811850
5825867
5696709
5696970
5253717
5465827
5799683
5712376
5686794
5835135
5634854
5711807
5950011
5813391
5682787
5778691
5219991
5601467
5906574
5671710
5801879
5735561
5588453
5742072
5824296
5714360
5759779
5605953
6060586
5447217
5786566
5613563
5623094
6124157
5698139
5938681
5964512
5622892
5807135
5476524
5715052
5570047
5628696
5853668
5707995
5714671
5417474
5163226
5627311
5771698
5630953
5819484
5692617
5857832
5346659
5547042
5696205
5798631
5609328
5873435
5681174
5392322
5726810
5887143
5557904
5584509
5779205
5468738
5407468
5773713
5746509
5600160
5698019
5973479
5816314
5927293
5700687
5378985
5677183
5751550
5609351
5921697
5861188
5510888
5764523
5698237
5843775
5638759
5631987
5993730
5809802
5417568
5486695
5453304
5507050
5947337
5616432
5524646
5662005
5617450
5940385
6006210
5761765
5692565
5798827
5811253
5492865
5467013
5600989
5808404
5452302
5535792
5509313
5808000
5781369
5951517
5726451
5590777
5537600
5843631
5950308
6896120
6624866
6873420
5668880
6470652
6782098
6882698
7235954
7093415
7340913
5982699
5511389
5655199
5174315
5854792
5465256
5777970
5791785
5626750
5718779
5816899
5509655
5892245
5680296
6226310
5639842
6011445
5695642
5641184
5718449
5779482
5606132
5771965
5915813
5734484
5585503
5674860
5571061
5818964
5706626
5881857
5570788
5791769
5717307
5777328
5496539
5931257
5805030
5764897
5921335
5799666
5637184
5634671
5567596
5814178
5617357
5543052
5693691
5554792
5348015
5486023
5459590
5748709
5596132
7021113
6864292
5839364
5905990
5790102
5859349
5796670
5659608
5794273
5568264
5607440
5525798
5588880
5729004
5702061
5539240
5963641
5756441
6005663
5557133
5791482
5275855
5517609
5549799
6993021
5952057
5638676
5440785
5881206
5419546
5860161
5794232
6340635
6864023
7301123
5661043
6329721
5962438
5620568
6785756
6018431
5783010
5355040
5703254
5428301
5894646
5831610
5886888
5907801
5732365
5677063
6010753
5858618
5854551
5681065
5919228
5307087
5834552
5561304
5591548
5702318
6008235
5548766
5578367
5765660
5748487
5662867
5852036
5474868
5695877
5799735
6023442
6061707
5977395
5786587
5517362
5560061
5762433
5812905
5803678
5440504
5618849
5730456
5928761
5860750
5475446
5741912
5803441
5656917
6116418
5639170
5751848
5655701
5554963
5554378
5618085
5630416
5560806
5754159
5572482
5758900
5660859
5687227
5600702
5748432
5622191
5336475
5942431
5908815
5653005
5663301
5752821
5620044
5754125
5838517
5724678
5574812
5843923
5841123
5667821
5718370
5944031
5532511
5854350
6035786
5870926
5839934
5713064
5559682
5713661
5619187
5538487
5545910
5649206
5835390
5654968
5790710
5648916
5780278
5599852
5661819
5342554
5792009
5782041
5842160
5678582
5779456
5737731
5760000
5548006
5623525
5816608
5489618
5491183
5386891
5862078
5669657
5475801
5699994
5278934
5752309
5369019
5983785
5631763
5755052
5965702
5634629
5643051
5665219
5874133
5825047
5929400
5961544
5230828
5650922
5550783
6104049
5670915
5674380
5730368
5656373
5343310
5717316
5688873
5650033
5504461
5702365
5653932
5662888
5808381
5858240
5530076
5033997
5898000
5634172
5596107
5424867
5683326
5695601
5549374
5696382
5733901
5663215
6171469
5778064
5601796
5625185
5570013
5986328
6000457
5845492
5884281
5807665
5860217
5579702
5292111
5955606
5684203
5617288
5516704
5989090
5824049
5638379
5422929
5714414
5475951
5743177
5840544
5652697
5736904
5849763
5544691
5647357
5922370
5543428
5926587
5751301
5408515
5655310
5772672
5648427
5681480
5515607
5668617
5548904
5637109
5722121
5660534
5646897
5750791
6019589
5748677
5595305
5866023
5549426
5737873
5769295
5732260
5879600
5561427
6070587
5664258
5655871
5492448
5663937
5855535
5709965
5800267
5687953
5652800
5698185
6060760
5628767
5713880
5682099
5706406
5700513
5632418
5789914
5707690
5594157
5659600
5760878
5791837
5965165
5667902
5877441
5570443
5682520
5594325
5624845
5458107
5687110
5740560
5557308
5759040
5856577
5409695
5595990
5710214
5927487
5941026
5635615
5968782
5476848
6227336
5969913
5895241
5478087
5639568
5576745
5774670
5629706
5842884
5698112
5762982
5859342
5619804
5846597
5206480
5729128
5788014
5527031
5532205
5646282
5646488
5583783
5825110
5772885
5566536
5821825
5820209
5371871
5843064
5610365
5522798
5992867
5843419
5646771
5791601
5876926
5762155
5742707
5648853
5409237
5707070
5642182
5731907
5802722
5885173
5920945
5711162
5707655
5932599
5555593
5850636
5711953
6071472
6084624
5806097
5619619
5947313
5571842
5545185
5756196
5878757
5930621
5694029
6220827
6147103
5815607
6049522
5756014
5551214
5933728
5766099
5836853
5390358
5465363
5839179
5579187
5846366
5497376
5859085
5624067
5419234
5578803
5627851
5494766
5554180
5892008
5655697
5514204
5410926
5917093
5714014
5644654
5753797
5399867
5854636
5923512
5978455
5672321
5803089
5349038
5723498
5800759
5896927
6050670
5843143
5933707
5749908
5911162
5769233
5502171
5847409
5632517
5735516
5649010
5692937
5813905
5739033
5698802
6273510
5783280
5541238
5741900
5473286
5981403
5968352
5693901
5679302
5433856
5620295
5854385
5576586
5846921
5844238
5677931
5658944
5519838
5387753
5781244
5994248
5447526
5819434
5619108
5854669
6061482
5592829
5611828
5789843
5855597
6064474
5456448
5450240
5987624
5242437
5718935
5823347
5265577
5930813
5902577
5818232
5832840
5704716
5731933
5538912
5531093
5686718
5718111
5475978
6683050
5444316
5497375
5988476
5435129
5725611
5730521
5279136
5566755
5764180
5897954
5663443
5804271
5898818
5726809
5846101
5519368
5875044
6047991
5997493
5599852
5905185
5852919
5725498
5896671
6050259
5701332
5698393
5343664
5917119
5820390
5233095
5749758
5726318
5665604
5140409
6070830
5873239
5601597
5762925
5379827
6044961
5490126
5781863
5510176
5546318
5583153
5780343
5694406
5613626
5641128
5855747
5805771
5819537
5674376
5893172
5686239
5505137
5898706
5685346
6005514
5927084
5743776
5642368
6145528
5787013
5880415
5517804
5960890
5643460
5832068
5756198
5717870
5919137
5359137
5881260
5824600
5757627
5940960
5627240
6021211
5791223
5928344
5751066
5362156
5589813
5676375
5816231
5851808
5423348
5548465
5094572
5707517
5615697
5610725
5287551
5879596
5607911
5834941
5575168
5596528
5720496
5789464
5684172
5670855
5691745
5669883
5489788
5558322
5705856
5639380
5700408
5716804
5472806
6017795
5998568
5494327
5736403
5761389
6096544
5612719
5979221
5439889
5525199
5678979
5553661
5596688
5179785
5645199
5498355
5929716
5587503
5511014
5671220
5735381
5584963
5753869
5998701
5784290
5361561
5695861
5929490
5761741
5419465
5839423
5922455
5847593
5745582
5701203
5900548
5587384
5394723
5973684
5787857
5746020
5861230
5688420
5947768
5609950
5635083
6062702
5975701
5691358
5745653
5691946
5583205
5604519
5634263
5506441
5651124
5800898
5632376
5628154
5370339
5696610
5774569
6141583
5599035
5449150
5755461
5374343
5558583
5552862
5189972
5623084
5594056
5756603
5500325
5388421
5623455
5361122
5323784
5677870
5738514
5503418
5854720
5540940
5768061
5450218
5650579
5716793
5695918
5664997
5574490
5519194
5763390
5535738
5229824
5644542
5507495
6058006
5796704
5640480
5742436
5780871
5685621
5618132
5634281
5642681
5743229
5663035
5672253
5490504
5335432
5770828
5488229
5607998
5857915
5705159
5658647
5795726
5753108
5924482
5643476
5919594
5642836
5579852
5570247
5943108
5631011
5639575
5561217
5677016
5526615
5927809
5573630
5157436
5870648
5493719
5820290
5701074
5992220
5910197
5630815
5647407
5840084
5522844
5423591
5773306
5362393
5969708
5632544
5692883
5458973
5724061
5832059
5637208
5770411
5700123
5703241
5913669
5700833
5694846
5485899
5658770
5495784
5403419
5836633
5291977
5335967
5675677
5570175
5790295
5771126
5538100
5456918
5539321
5606598
5665366
5907313
5973366
5772292
5894537
5702039
5484351
5895417
5606196
5657687
5738715
5925686
5609285
5754266
5700826
5760248
5775812
5878821
5765735
5607341
5988931
5838165
5801730
5572853
5643729
5802032
5735189
5792135
5355027
5468378
5730474
5637372
5232539
5879498
5690061
5931943
5495122
5922135
5774221
5528053
5419774
5482940
5596663
5902900
5925660
5472213
5651373
5854097
5644808
5685245
5720968
5735030
5620902
5667086
6005902
5803655
5556822
5633102
5679339
5518172
5745288
5763916
5542837
5802734
5795350
5615578
5772586
5688594
5895965
5511643
5724895
5380909
5659847
5636032
5617029
5761916
5960774
5826406
5489861
5626779
5472014
5894162
5750663
5498792
5745303
5954377
5738746
5531966
5732291
5779377
5712801
5664347
5520687
5874285
5638382
5924382
5700644
5363541
5601148
5890186
5971716
5798704
5652981
5597478
5554555
5771978
5883615
5568063
5578797
5682763
5626549
5594224
5471607
5558007
5606517
5644895
5826791
5662643
5741037
5677728
5762570
5615029
5669060
5550265
5793526
5623995
5273205
5487984
5903373
5736460
5818500
5539628
5523494
5704126
5633334
6121203
5580145
5720109
5777402
5755313
5813905
5479828
5715477
5445324
5542635
6060336
5701493
5844002
5639963
5871361
5873601
5488928
5714090
5351876
5615077
5481405
5533139
6105984
5598811
5531835
5592100
5692040
5772606
5506305
5421006
5662384
5885819
5471903
5725304
5692753
5883785
5752584
5916031
5878364
5698253
5776043
5677111
5774906
5868557
5851272
5681020
5446972
5743906
5465667
5887113
5568412
5954407
5901827
5778472
5548070
5585894
5847745
5780197
5659982
5990347
5522482
5626207
5581074
5765350
5776846
5775752
5726658
5860748
5658262
5447020
5773511
5799107
5599830
5550273
5242242
5487970
5553401
5646483
5611600
6023608
5896794
5740665
5971591
5923957
5530146
5950942
5656415
5874724
5696183
5905885
6021349
6064096
5832813
5674056
5764575
5595518
6107665
5900782
5896611
5733783
5570671
5391002
5905734
5730293
5880981
5726692
5733701
5458541
5329816
5517510
5637263
5527584
5637874
5323416
5557344
5585392
5651954
5706742
5823286
5417884
5712999
5604820
5459985
5531024
5656331
5552620
5663657
5636858
5549913
6020671
5676953
5697593
5423052
5677478
5782541
5757337
5754327
5789912
5699758
5580268
5823843
5630547
5839491
5512572
5602695
5637739
5984962
5832238
5682741
5456195
5540917
5633601
5676154
5862863
5766361
5457167
5721797
5574833
6121254
5588002
5734509
5841511
5622187
5725795
5720932
5749151
6050625
5843465
5968752
5563470
5786551
5730084
5376764
5849995
5640204
5716780
5539763
5419218
5835210
5395759
5764384
5563968
5759018
5810862
5690859
5692609
5470277
5649330
5957528
5474222
6154260
5529211
5631894
5745926
5708023
5980197
5652944
5980097
5685245
5687174
5459189
5907877
5297129
5543127
5645290
5724259
5638995
5740272
5483112
5653144
5777731
5942745
5575031
5649978
5572132
5442322
5741948
5721125
5586676
5994347
5764750
5831960
5689614
5341348
5731117
5705756
5557960
5356134
5808317
5670441
5614845
5671430
5893399
5520520
5279608
5612731
6108322
5795420
5841747
5643115
5940858
5275314
5649395
5466214
5745907
5864292
5702491
5942492
5363745
5586815
5801408
5980531
5887986
5662578
5585639
5570106
5777106
5788096
5756925
5895599
5485662
5510356
5798341
5653881
5495551
5696328
5538525
5719809
5575624
5633040
5488681
5477342
5813864
5538648
5842838
5714538
5522723
5561318
5559231
5816553
5625944
5335882
5462442
5551704
5685775
5749614
5393464
5635293
5910802
5474743
5551048
5744452
5743801
5690130
5824511
5421056
5746470
5580697
5750255
5688293
5667161
6085430
6032713
5615733
5649825
5751509
5732974
5738666
5733385
5736549
5840416
5988298
5835724
5954997
5789801
5735731
5525057
5694659
5453663
5714044
5593109
5546746
5701952
6006200
5634378
5532662
5553721
5899836
5468502
5902820
5689840
5846033
5954571
5889257
5497250
5779182
5751009
5656361
5952062
5704118
5835169
5606484
5269176
5635704
5961175
5752789
6047202
5364328
5479378
5462671
5615693
5876008
5685810
5523848
5320704
5668366
5894318
5674675
5731640
5597317
5565038
5874661
5693737
5606419
5715210
5624045
5788301
5451548
5927174
5517543
5874764
5560512
5609209
5504097
5544066
5675316
5631167
5558269
5868624
5772740
5727680
6017318
5740673
5339831
5793751
5449021
5649292
5666126
5329946
5688010
5702843
5633495
5623677
5355692
5618918
5810567
5128060
5713032
5887703
5756765
5713698
5819350
5540667
5625335
5921886
5762091
5628048
5461129
5650308
5217789
5715783
5446644
5716163
5990165
5480765
5902579
5464977
5529112
5836265
5464720
5660638
5182937
5643709
5844534
5873195
5552012
5906719
5528154
5756704
5667699
5689982
5620333
5522129
5689840
5569077
6046965
5839046
5915594
5684749
5509617
6122398
5684255
5608855
5868667
5702312
5684597
5460766
5669305
5398166
5271650
5921210
5931711
5607529
5635326
5825104
5743989
5801713
5510408
5543112
5512190
5916566
5980788
5488401
5759510
6019662
5742813
5520953
5547459
5598654
5603469
5702258
5549277
5650895
5635415
5590803
6114063
5400674
5622910
5860257
5658205
5787301
5722192
5750428
5752539
5664416
5635376
5614932
5595650
5795708
5643305
5812621
5895689
5525750
5477508
5993231
5453276
5415441
5726535
5549317
5493501
5609261
5399871
5342530
5590888
5864996
5704938
5570741
5283919
6008129
5590264
5788217
5553168
5819855
5450728
5575448
5381325
5554654
5614385
5530940
5785698
6104215
5779810
5448377
5727911
5609169
5717762
5939816
5565211
5369766
5529407
5643255
5539657
6030253
5900954
5765000
5618903
5765485
5793947
5450047
5572569
6025877
5647802
5606207
5767275
5650733
5433291
5614634
5522868
5621712
5797515
5519162
5674358
5575191
5864891
5814040
5497353
5787177
5401932
5872501
5587072
5528786
5848332
5714631
5686806
5677028
6238627
5557046
5559805
5591172
5669495
5601166
5723230
5611031
5720984
5707177
5667965
5610185
5673777
5438968
5731748
6028869
5459663
5465845
5735049
5549127
5733776
5626704
5740164
5677710
5950596
5513769
5723297
5668890
5941907
5776984
5762026
5695365
5803619
5765498
5781474
5293031
5906622
5683791
5482661
5831410
5621920
5539877
5809161
5702434
5477933
5582829
5505948
5929961
5656817
5782059
5339921
5727824
5258543
5820199
5626547
5640864
5728057
5595091
5671315
5772301
5939650
5817320
5693104
5650887
6095743
5943768
5760607
5629635
5680503
5447349
5544750
6008781
5924263
5745254
5763512
5855215
5811040
5687002
5548194
5389969
5746685
5655369
5858970
5630163
5879977
5568333
6141449
5883177
5894360
5706059
5491084
5772063
5940172
5730836
5863262
5562073
5713032
5666914
5883586
5533176
5726305
5771211
5511210
5715155
5430113
5765666
5993088
5600038
5800374
5620756
5303388
5623718
5835335
5675017
5695429
5648664
5565753
5658988
5491321
5893927
5788428
5698201
5649383
5816668
5844407
5530671
5722688
5675578
5605727
5659087
5855075
5881880
5641463
5853494
5883234
5844392
5833197
5450491
5868736
5759301
5564474
5686915
5715169
5732201
5584640
5708829
5642973
5752358
5857804
5905110
6027575
5719194
5486865
5619533
5648859
5714799
5333078
5564869
5905363
5818976
5689170
5963242
5671655
5913017
5558174
5563245
5931342
5351486
5718145
5362389
5604709
5815314
5677176
5635131
6011323
5773502
5627623
5679374
5633121
5696054
5586779
5500333
5448733
5534412
5512719
5667360
5694191
5517692
5901986
5244056
5599437
5376667
5725872
5992853
6017854
5723955
5855381
5428807
5805901
5458337
5583347
5489991
5580355
5898448
6078141
5763937
5919802
5498918
5560263
5805640
5594068
5952705
5388348
5522822
5575541
5906832
5551475
5802508
6327977
5579432
5659103
5250611
5594506
5516214
5970470
5800473
5764818
5867725
6056987
5552937
5624290
5513291
5525650
5731887
5879346
5711966
5653950
5599834
5550650
5471878
5660750
5560571
5879506
5506870
5605205
6003353
5666035
5441735
5793049
5350573
5908434
5841161
5575539
5904608
5617624
5732662
5688595
5748468
5588179
5602512
5726598
5713619
5849646
5932322
5638839
5920329
5946108
5475648
6017259
5508682
5543522
5862563
5313770
5835813
5495228
5579223
5669904
5688237
5553603
5634908
5833024
5551366
5890788
5803650
5721896
6017621
5624359
5504421
5847245
5687379
5547810
5711319
6259303
5875301
5884180
5785227
5622436
5593480
5778867
5720016
5636041
5632273
5637976
5733229
5469463
6006214
5476685
5638617
5603937
5399381
5584222
5611772
5856447
5870400
5714368
5524053
5577998
5773443
5494497
5116565
5709203
5696758
5914773
5674437
6015750
5741713
5686488
5681711
5458298
5800422
5753538
5755078
5701204
5520087
5642816
5563992
5468336
5644176
5564608
5797187
5608184
5593293
5580231
5444011
5438757
5474107
5936312
5755289
6045449
5057795
5471206
6005645
5608972
5335843
5711439
5700161
6075895
5663412
5769178
5697651
5835455
5588421
5849786
5555738
5234750
5561239
5992995
5207588
5768308
5643895
5691059
5667760
5778814
5561472
5659563
5992335
5698082
6006094
5520215
5640329
5678655
5508048
5621262
5484115
5325074
5926453
5845684
5598539
5815276
5998845
5652619
5836884
5520656
5438476
5769936
5941813
5692447
5702278
5793426
5468530
5844973
5854616
5817850
5938676
5984286
5735551
5738653
5736911
5908458
5757642
5560152
6036331
5898613
5918855
5767405
5517817
5673771
5983041
5776628
5572442
5533709
5517978
5533355
5806913
5651678
5789310
5600050
5825734
5763050
5776317
5757063
5515223
5735650
5675672
5634778
5698081
5664590
5770617
5679427
5474143
5561925
5889779
5985986
6053653
5618047
5462070
5724550
5450536
5652211
5745732
5353577
6022515
5878732
5568763
5214807
5447410
5345457
5657227
5548924
5937235
5580878
5588147
5726308
5309369
5747030
5782914
5791979
6275287
5512925
5531025
5416704
5800121
5889793
5726569
5726247
5623849
5489820
5741660
5478310
5906301
5857918
5701359
5454246
5719641
5590548
5786716
5567636
5806506
5905192
5568622
5852341
5664652
5727925
5912424
5204120
5588558
5621647
5483144
5604139
5437035
5401287
5440954
5467255
5731358
5515082
5510471
5305795
5550100
5827766
5745934
5670014
5638961
5763917
5273957
5694083
5875960
5808089
5559198
5365301
5744594
5744535
5812733
5431506
5194385
5607030
5384250
5813114
5768128
5663645
5534794
5540195
5863400
5624948
5559453
5784211
5679977
5629574
5455691
5479751
5446470
5908754
5459667
5518599
5742583
5605154
5444377
5708716
5708209
5647650
5352237
5692468
5584236
5559198
5814175
5785185
5609755
5804242
5481838
6029907
5879736
5670746
5894357
5607878
5895168
5742163
5569130
5828141
5849140
5890431
5636125
5636893
5456886
5814920
5889433
5855631
5648225
5528774
5734439
5609164
5767553
6009501
6117296
5649638
5400529
5622899
5617768
5749742
5556265
5602994
5873048
5734057
5888893
5992076
5663690
5601026
5864476
5670586
5639358
5668225
5593163
5720945
5653091
5375317
5652171
5644548
5583746
5961866
5843852
5865382
5419617
5806731
5594253
5427678
5770737
5550471
5590891
5663521
5446097
5400675
5898417
5789740
5752890
5942190
5807890
5561927
5483818
5805008
5728117
5835508
5516514
5620345
5979889
5831351
5649239
5710309
5355628
5603166
5419898
5737140
5628880
5896557
5866298
5838983
5591113
5848525
5817025
5555374
5569269
5611909
5603906
5721726
5962982
5856239
5542058
5642621
5581053
5357120
5388593
5682386
5498754
5425044
5939114
6037613
5617215
5729362
5935575
6024683
5597909
5616090
5679862
5457594
5793564
5350909
5893857
6051734
5959811
5811257
5469471
5883238
5825150
6198448
5574209
5933317
5612823
5346919
5827169
5708117
5765059
5624305
5553980
5659146
5855275
5815452
5325652
5782788
5612677
5685387
5794548
5921639
5649176
5522664
5485064
5441848
5458151
5651800
5331918
5691112
5874382
5685880
5719712
5337696
5893949
5460625
6035928
5488849
5547475
5564316
5863255
5474892
5558298
5556693
6100690
5497645
5615584
5851473
5661922
5404302
5632659
5708510
5515269
5588865
5848425
5462674
5545714
5572173
6014574
5792068
5764196
5696164
6156554
5927763
5729820
5671951
5660441
5676040
5574606
5580863
5514761
6110501
5412826
5806503
5386319
5657891
5714338
5801295
5804658
5990738
5497098
5463510
5248798
5682915
5387010
5904590
5487966
5828245
5728215
5582321
5637269
5469259
5702993
5566113
5685905
5920651
5371110
5911525
5607893
5627313
6035705
5916392
5808769
5487832
5478892
5728372
5679202
5953720
5685301
5861074
5609543
5745110
5507005
5255864
5490424
5737354
6016919
5800184
6076092
5945211
5685297
5814702
5834817
5721832
5679751
5629696
5860649
5753457
5706276
5585767
5606219
5627072
5569950
5256569
5801574
5547230
5579663
5676544
5773500
5358954
5827188
5693654
5870461
6033973
5795807
5936354
5500594
5683720
5488428
5654391
5650507
5504920
5547724
5677374
5762698
5944227
5607654
5418961
5702628
6054753
5762498
5624572
5628900
5593791
5878258
5741669
5621862
5554043
5496930
5909527
5826497
5671947
6004829
5496509
5740962
5811593
5670742
5794179
5497983
5665335
6059577
5623146
5589665
5482849
5434227
5678924
5786603
5398349
5619147
5547827
5637829
5854425
5538688
5866078
5806103
5602225
5715874
5625639
5860695
5597591
5658629
5617762
5644731
5445559
5801607
5689077
5674182
5326317
5522203
5402279
5619321
5897480
5601650
5576805
5698659
5530594
5709340
5819711
6031497
5565638
5655618
5457856
5794779
5555392
5719410
5524699
5868288
5823090
5716006
5602006
5828493
5753791
5739596
5712852
5759723
5613102
5990601
5784383
5545479
5667291
5409305
5634801
5685037
5601049
5505143
5830969
5592104
5761182
5589552
6143556
5940047
5485452
5636225
5597218
5265082
5755479
5738545
5734340
5490583
5597635
5580217
5413418
5888360
5824290
5622515
5883459
5792726
5565761
5781967
5863142
5666345
5803597
5393871
5653237
6141573
5673724
5591580
5669317
6029312
6114389
6002929
6085534
5903099
5880747
5970928
6243938
5714767
6144006
5754244
5950668
5719862
5465853
5725962
5651436
5639150
5865183
5612586
5569559
5794825
5910161
5741734
5655371
5557093
5606326
5808152
5719668
5519772
5744029
5385139
5726777
5759117
5484204
5846968
5915894
5631340
5584289
5662896
5635354
5596500
5987363
5792811
5688162
5702438
5655047
5489219
5795376
5792371
5707412
5841012
5911264
5860818
5751683
5811627
5618254
5478819
5980729
5565820
5781106
5351371
5667586
5561073
5596453
5745655
5719204
5643634
5857947
5744391
5540582
5910756
5833783
5890205
6006733
5647370
5918724
5675164
5426398
5365908
5963724
5187330
5660898
5572415
5658025
5901822
5689585
5689061
5772488
5648650
6121580
5695086
5680935
5915538
5401140
5820826
5478174
5724990
6045874
5528871
6023464
5515575
5655823
5462619
5654183
5747936
5584995
5590384
5579955
5615272
5512238
5761275
5819306
5528871
5971854
5636273
5483824
5707831
5901114
5604807
5672726
5548155
5535033
5441316
5696513
5554566
5794358
5939039
5300952
5751677
5744639
5670679
5983976
5524875
5590231
5804121
6102603
5598192
5550739
5639838
5602769
5771194
5951972
5862170
5817638
5765032
5734264
5947859
5571626
5890771
5684288
5531286
5566411
5376124
5729203
5768777
5584159
5475644
5815268
5746659
5657843
5692293
5656687
6027771
5596858
5128837
5604411
6064812
5680510
5654512
5515516
5714090
5385236
5939873
5708750
5369813
5988620
5672876
5685075
5492291
5778992
5625880
5620325
5772709
5599579
5531420
5488713
6122954
5886593
5877661
5871955
5798471
5625120
5616535
5222945
5748242
5645227
5752062
5554646
5519878
5593273
5548924
5648168
6111547
5801801
5440769
5478776
5637352
5802884
5699039
5588526
5532302
5919411
5699116
5397510
5577135
5720558
5713742
5839420
5764984
5590009
5600028
5932512
5898306
5643125
5645051
5495855
5659924
5632690
5722239
5545860
5280528
5927763
5486916
5827449
6067238
5558275
5567885
5630018
5518218
5432252
5613456
5643696
5563338
5785486
5791627
5898810
6044062
5364511
5605085
5658487
5607920
5725963
5796197
5358422
5742053
5546743
5619616
5739348
5639911
5591706
5507414
5622234
5662367
5195170
5937509
5700568
5355837
5801294
5581688
5428979
5464821
6033272
5693472
5735130
5690219
5737197
5651165
5546747
5784483
5558627
5763407
5884135
5728129
5619158
5784611
5778738
5642273
5827355
5635222
5667851
5727618
5877724
5618385
5851071
5997456
5874207
5672078
5796969
5642413
5509688
5401768
5930117
5793580
5998531
5740566
5586161
5575235
5656290
5559463
5695306
5510007
5637866
5623985
5588677
5799217
5669384
5664736
5346836
5674980
5566047
5435226
5817063
5574492
5918971
5951213
5765666
5321413
5278165
5562905
5680547
5489474
5757402
5597882
5811127
6014358
5805004
5584400
5920412
5829062
5631908
5602295
5721907
5614658
6136246
5440798
5899416
5639759
5440897
5734159
5583702
5221975
5487551
5669686
5709363
5614970
5644042
5646171
5668375
5568686
5372544
5499408
5660382
5756072
5377147
5761089
5244159
5863527
5526993
5633412
5796089
5473828
5804923
5607955
5347360
5438654
5534476
5671350
5608986
5645919
5540115
5517502
5733332
5624090
5880495
5545902
5776421
5342449
5582331
5460479
5727490
5696371
5672491
5752995
5426977
5772182
5574713
6004453
5902318
5770956
5871669
5507499
5776828
5578853
5448124
5867329
5879609
5401247
5690250
5802530
5915570
5779178
5233474
5924229
5559313
5548552
5817916
5696304
6082920
5732126
5808103
5825047
5911961
5596985
5837722
5692691
5601172
5812075
5858491
5934263
5667338
5446270
5651608
5875615
5785175
6082740
5653203
5666738
5655672
5765973
5614788
5635615
5805736
5629473
5368729
5512672
5652579
5724706
5751696
5688229
5623621
5470641
5189834
5848798
5707692
5345411
5784906
5825725
5469751
5367828
5916307
5657882
5894310
5791398
5775709
5416874
5886975
5272202
5459803
5809271
5599880
5752256
5910369
5581301
5848081
5611785
5528373
5726905
5694585
5676603
6106711
5755752
5613398
5522123
5861061
6027176
5481512
5749091
5657383
5930668
5642867
5514200
5999050
5522585
5757496
5620037
5477985
5647583
5729555
5759977
5600834
5661946
5627200
5636378
5624694
5619655
5446551
5444620
5642219
5725572
5583258
5671331
5473136
5946294
5611447
5758449
5492610
5643320
5652069
6031248
5724036
5631146
6045031
5822855
5644384
5550743
5489111
5652037
5431437
5750799
5628464
5710384
5793845
5703782
5844842
5979446
5591135
5280189
5866363
5567659
5582563
5627110
5698242
5492561
5779035
5499311
5285476
5503287
5900500
5637413
5843970
5254867
5963315
5637036
5445219
6074501
6063783
5691579
5775859
5560433
5668113
5893816
5458105
5725241
5771069
5515732
5968726
5462857
6003509
5872713
5580853
5771034
5546694
5453991
5687887
5826821
5658090
5730239
5596479
5650136
5736169
5370138
5645617
5867746
5613979
5756993
5639075
5590945
5392190
6025274
5804441
5659515
5649810
6126446
5223775
5671109
5662590
5806249
5635935
5876143
5933986
5731342
5530274
5431417
5593058
5743203
5854776
5511488
5651836
5895591
5632426
5648502
5550113
5660003
5545846
5783574
5719558
5781671
5443608
5426475
5799658
5574235
5681325
5899662
5622487
5700608
5413459
5612687
5843754
5453772
5735512
5710676
5487442
5618331
5499297
5199885
5661213
5535556
5352873
5579407
5505756
5581134
5654432
5573217
5683160
5968121
5348838
5635761
5706203
5663631
5633888
5531918
5663394
5781086
5866648
5874876
5311604
5851295
5540341
5877825
5719793
5935681
5776498
5743999
5530075
5752538
5632236
5569859
5838382
5617703
5321002
5571043
5461122
5563138
5767421
5692249
5618543
5596783
5449009
5759485
5644175
5812156
5816971
5876325
5944701
5582234
5623951
5706842
5356890
5707548
5561719
5622209
5648093
5672975
5676831
5912679
5721344
5754993
5973287
5670639
5808049
5472988
5492782
5703015
5706641
5923396
5655361
5738353
5565148
5674086
5464113
5727810
5419570
5573555
5700993
5602433
5517285
5460150
5233109
5764186
5880821
5735039
5981041
5843463
5470416
5721328
5487563
5266591
5866550
5544429
5369887
5407808
5825098
5592196
5734729
5779025
5532934
5745382
5536325
5761884
5669552
5535556
5592927
5897397
5637888
5409578
5438364
5551732
5953319
5817195
5743134
5807698
5624553
5928611
5534695
5361096
5661028
5660333
5594249
5422692
5974373
5668016
5688305
5722934
5835456
5718364
5882542
5469807
5756621
5642581
5665831
5565915
5349475
5911705
5758749
5845817
5803838
5805708
5513991
5827501
5807281
5798126
5662364
5610914
5679075
5516413
5772629
5776909
6143138
5606348
5758945
5610328
5585234
5481375
5526721
5637568
5772413
5290499
5861357
5667386
5360242
5570300
5651082
5771717
5580529
5385653
5687114
5802178
6062225
5701468
5696934
5927641
5280284
5710003
5545137
5682872
5717682
5547329
5473518
5668515
5883785
5287031
5793784
5749924
5750521
5668153
5597651
5530211
5564637
5834555
5516006
5442543
5678255
5437490
5507662
5865140
5594850
5658882
5696339
5751163
5949942
5539358
5821718
5893322
5931439
5647385
5463807
5658877
5655927
5956619
5586948
5822081
5499499
5694863
5750819
5775187
5709139
5405142
5805083
5875962
5838941
5506629
5692247
6118060
5395403
5541841
5662889
5670371
5688061
5625776
5783672
5802111
6067193
5249040
5422088
5586888
5695994
6039764
5494703
5453163
5785416
5687433
5733075
5845743
5372549
5498030
5480686
5323897
5630388
5661466
5701106
5269182
5709301
5618392
5666593
5465268
5659877
5669430
5554299
5714732
5658131
5742013
5449042
5693578
5924621
5561369
5709372
5694590
5846058
5633985
5749942
5596542
5664857
5628238
5814496
5972512
6108313
5399294
5580468
5348943
5502803
5639233
5293732
5458720
5660248
5736509
5535835
5857387
5399071
5496701
5588696
5737543
5113681
5726850
5794894
5549767
5762425
5466585
5479539
5546171
5547522
5590384
5531695
5686174
5698944
5498833
5723601
5549206
5420572
5562314
5641897
5832900
5868371
5654498
5613772
5298597
5984920
5492047
5449911
5812318
5580904
5495859
5687890
5382343
5274334
5652824
6097715
6007160
5596087
5499398
5284669
5710837
5579205
5499306
5807268
5561886
5954214
5320763
5775879
5522071
5802321
5574604
5658517
5733249
5517294
5806311
5453817
5861043
5538816
5374969
5897379
5673771
5753837
5979334
6175155
5948381
5864128
6062704
5769718
5949850
5770152
5463254
5626554
5893381
5575405
5818634
5919977
5922819
5506643
5622647
5806663
5503214
5465280
5917740
5792043
5778476
5888443
5754390
5835428
5952774
6859276
5732877
6194288
5925872
5836869
6268921
5741341
5672349
5499199
5503936
5513131
5598485
5584359
5539819
5789173
5466726
6013682
5547418
6076106
5620930
5600099
5545417
5582219
5664778
5771413
5806294
5854580
5438832
5811885
6040713
5466346
5457634
5400824
5662764
5651480
5509530
5613035
5518237
5678991
5656077
5605426
5452843
5666205
5551291
5688391
5204600
5719342
5577402
5580763
5704086
5694490
5742642
5602882
5698559
5486134
5321490
6052543
5209357
5595775
5739780
5805553
5602864
5606115
5537288
5387136
5781636
5530122
5497871
5715011
5706132
5592214
5901023
5138927
5851992
5702838
5588728
5597419
5761706
6048054
5411798
5632305
5540645
5661940
5596971
5749153
5914317
5324407
5518073
5914703
5718635
5433574
5725639
5377283
5414360
5788240
5475162
5876126
5777061
5658636
5553148
5530094
5613668
5821820
5416351
5660693
5427631
5616114
5931338
5544022
5514874
5494894
5756499
5730120
5753260
5631674
5658878
5573405
5934164
5439209
5411430
5494163
5774525
5980105
5367177
5523425
5790218
5504109
5956809
5593236
5707717
5867691
5661590
5531831
5497681
5540206
5616906
5591789
5785954
5756753
5703933
5249544
5428372
5453361
5752048
5656059
5618693
5537519
5625766
5937980
5423270
5512445
5724413
5738989
5703521
5590299
5628418
5574529
5430961
5607702
5637038
5320207
5701978
5626842
5610312
5793823
5939927
5636593
5704916
5862746
5711684
5601937
5716862
5617748
5521533
5453835
5425182
5513617
5648426
5638352
5810164
5725567
5468032
5962206
5263067
5443308
5856425
5479656
5763549
5573921
5769288
5458436
5609120
5939247
5386228
5605249
5423281
5432864
5450151
5714683
5556824
5546489
5626805
5368636
5442559
5617369
5552174
5729053
5597757
5953499
5425762
5544738
5508657
6154553
5487849
5632206
5358980
5952043
5385915
5451553
5595350
5813480
5501667
5276373
5318636
5753603
5497335
5462090
5474994
5882467
5464281
5435197
5995783
5719528
5505512
5633285
5359518
5991466
5641965
5599868
5544038
5361822
5660564
5754359
5739173
5654846
5671125
5546230
5266437
5581161
5493438
5644627
5790080
5788005
5743153
5736223
5579878
5523276
5905408
5668272
5529391
5244353
5680808
5269211
5458165
5906869
5469508
5547600
5458135
5889749
5477699
5836311
5381694
5483120
5587728
5643237
5722530
5598590
5505813
5157156
5623513
5341145
5471846
6068115
5579883
5734037
5426020
5447122
5704052
5709637
5617738
5714985
5569263
5622724
5596557
5821188
5586489
5629130
5683866
5674204
5528923
5927435
5533448
5767103
5407435
5610110
5550457
5575752
5432107
5899636
5652177
5608539
5422961
5744825
5762890
5471329
5762279
5476617
5718309
5603129
5755534
5472816
5730460
5571524
5756913
5465109
5604053
5477010
5825782
5783080
5570431
5658806
5748343
5449750
5486473
5532126
5777933
5517543
5706454
5723075
5713627
5660604
5691758
6044493
5776717
5448073
5646446
5302268
5511512
5814825
5471635
5571240
5550362
5454906
5279470
5756965
5339356
5677978
5603970
5577127
5969912
5575135
5749534
5798836
5604486
5637474
5514743
5604612
5725962
5708591
5793519
5449899
5760504
5919533
5556373
5571118
5576416
5593676
5514732
5765972
5480239
5724770
5398759
5787383
5683747
5559308
5490348
5795017
5544993
5308547
5518297
5618558
5711846
5849223
5729235
5391787
5529891
5804915
5762024
5643749
5704214
5646936
5619523
5607336
5519474
5425859
5534742
5762212
5445614
5633258
5766502
5670770
6109422
5520220
5720374
5709418
5691575
5559731
5778458
5571207
6035748
5542363
5669726
5538220
5667027
5655106
5584788
5387745
5679583
5955971
5552933
5666309
5453772
5864462
5731969
5747088
5538535
5644354
5687294
5683124
5523316
5480555
5750536
5441885
5920501
5348375
5436238
5236381
5917200
6048821
5512660
5440401
5634480
5809219
5674855
5623772
5385914
5418794
5434273
5905683
5844728
5719451
5551644
5656555
5646312
5803348
5661104
5645948
5685518
5526234
5496266
5320581
5842362
5590273
5816395
5560251
5610798
5627326
5863691
5704983
5603178
5810119
5857415
5703224
5513628
5476223
5583855
5705890
5634820
5490134
5834689
5703274
5362128
6050874
5424192
5482101
5700517
5811059
5588031
5846291
5465906
5486213
5700837
5675180
5545963
5775820
5478846
5810895
5645755
5686168
5893160
5611855
5768806
5428040
5597066
5534446
5900042
5547973
6006150
5545376
5593492
5767002
5630309
5581989
5615071
5874006
5525425
5472158
5598953
5399176
5802327
5798779
5328393
5651095
5614835
5606703
5623864
5524606
5794030
5865258
5529054
5597285
5856187
5791015
5700653
5425087
5678484
6014927
5393621
5721493
5562150
5521111
5762119
5582270
5940221
5662402
5780265
5640723
5716702
5786562
5779511
5767844
5715343
5454100
5889684
5632683
5817513
5848180
5662608
5727611
5770434
5433761
5694717
5701940
5659874
5247762
5727927
5565148
6119955
5617875
5561812
5300567
5862717
5655104
5228604
5720283
5660434
5796326
5627795
5636669
5779276
5399609
5717239
5584999
5687184
5954522
5715519
5585898
5709602
5766243
5521134
5582027
5784853
5346625
5644587
5648268
5388929
5687782
5606241
5669733
5932283
5991757
5550415
5417574
5949446
5570934
5498361
5594667
5544085
5628738
5846586
5708890
5799166
5461839
5803750
5644520
5498406
5718160
5526863
5492402
5594777
5586285
5812907
5646395
5600728
5550524
5990942
5476864
5848089
5904381
5592467
5628653
5958015
5742944
5542679
5795150
5654553
5574914
5793754
5490598
5840607
5713637
5708610
5421461
5503580
5498070
5599638
5677469
5554034
5628306
5620035
5628248
5348933
5576156
5401324
5803215
5543369
5646785
5667376
5570626
5940466
5602038
5795188
5433182
5446855
5537817
5490486
5487553
5750362
5508370
5794536
5822436
5543564
5594042
5544258
5575191
5449875
5400846
5692694
5721377
5760757
5654592
5691887
5620649
5356963
5485668
5570182
5435502
5711799
5934512
5765532
5607749
5462388
5410203
5977848
5939401
5551139
5582238
5615746
5735632
5659236
5464815
5560057
5707653
5655665
5709730
5790764
6000197
5489847
5738351
5608573
5894990
5738150
5778189
6026626
5742035
5865724
5916799
5365572
5294343
5712884
5504795
5832432
5855745
5532186
5654986
5616474
5728773
5675696
5889493
5928255
5373945
5723148
5796925
5402387
5692602
5570241
5658244
5716793
5573962
5768350
5695276
5652091
5375011
5747420
5834329
5976599
5746190
5648711
5595466
5640056
5740525
5405936
5818359
5599653
5819537
5749159
6039912
5897521
5810563
5511590
5581437
5493276
5570316
5735827
5492837
5673495
5872892
5901638
5639524
5323551
5279387
5648472
5489865
5528301
5949816
5751203
5604518
5690976
5629529
5376876
5954139
5602806
5658649
5584019
5553140
5709576
5621043
5630254
5485595
5761581
5740369
5681965
5563666
5726563
5825762
5384893
5504615
5625704
5640637
5430788
5422649
5633979
5758311
5822660
5428950
5798415
5555527
5884368
5713491
5638285
5645813
5588497
5515528
5651330
5879153
5846864
5582117
5718706
5786682
5517946
5771556
5652922
5734358
5851986
5750825
5487407
5561131
5441405
5822428
5676985
5734937
5617709
5837835
5953254
5410065
5913973
5485925
5451596
5681117
5964633
5743236
5408644
5841303
5816875
5654296
5820195
5695782
5833052
6003870
5591757
5683785
6015569
5830343
5731462
5792144
5539872
5966700
5443032
5657780
5921910
5846392
5646733
5813023
5530863
5525179
5654640
5394929
5736822
5491677
5750669
5464956
5516154
5374944
5300481
5608202
5491156
5602447
5358312
5742829
5545432
5550714
5646607
5566669
5776842
5804935
5331635
5566871
5701644
5529608
5214101
5726433
5665380
5872891
5586343
5569191
5750564
5910310
5584631
5529161
5481727
5390820
5846211
5457952
5781450
5596841
5614394
5610979
5681287
5695857
5715734
5426914
5795755
5485450
5609943
5595054
5758908
5706687
5607628
5700830
5813516
5806069
5538349
5708278
5729174
5629052
5316529
5750936
5410027
5272529
5569572
5482174
5600939
5786061
5910847
5576019
5414398
5680991
6071446
5843159
6006097
5869665
5150563
5338415
5351873
5604065
5486999
6021015
5606172
5982555
5388908
5872193
5784035
5570729
5912795
5583385
5509937
6028482
5709977
5284574
5429078
5718684
5810004
5627103
5516301
5609832
5634242
5445824
5370036
5757801
5723767
5320888
5472595
5446328
5767179
5286596
5930249
5409575
5706582
5337182
5761756
5670732
5567942
5446676
5553336
5512629
5809921
5721435
5748465
5606818
5582324
5568575
5528826
5848992
5658094
5959708
5777436
5621493
5357608
5391800
5777029
5617046
5785778
5809621
6007756
5721642
5498967
5573946
5728239
5765778
5665448
5680718
5792126
5520018
5627264
5506854
5380766
5620566
5824300
5660740
5610229
5743938
5635599
5671781
5582704
5607614
6176815
5211076
5472891
5290707
5220348
5643570
5673346
5511765
5943278
5850012
5498133
5827550
5825762
5968251
5500339
5311603
5800364
5381129
5739535
5593143
5643538
5562241
5969870
5654280
5525468
5782784
5780118
5725648
5674718
5543366
5653407
5801765
5648869
5441216
5525952
5749588
5681451
5611495
6044461
5688403
5946746
5625451
5745150
5719785
5795908
5621444
5731553
5612488
5570239
5734537
5667949
5629230
5506380
5489264
5783924
5622804
5888785
5960817
5655622
5647439
5628967
5757884
5822274
5661486
5521743
5552279
5583481
5822891
5686545
5644354
5651087
5376957
5555342
5730366
5884254
5546919
5657256
5577959
5839999
5626056
5895057
5455250
5803670
5709032
5585564
5698892
5811955
6017199
5439761
5784608
5554072
5614037
5686848
5456875
5723556
5285632
5514721
6083124
5903524
5687399
5801271
5849242
5908956
5603486
5586785
5506683
5529448
5344398
5704175
5503964
5448440
5532007
5239768
5912080
5534461
5780974
5440917
5737227
5752880
5534092
5651798
5399235
5634158
5511757
5658317
5654883
5228200
5489758
5383409
5479401
5247540
5462919
5699671
5604239
5520014
5583319
5598715
5347886
5677716
5501119
5668798
5525669
5549579
5790515
5485613
5929213
5404841
5541835
5673592
5730239
5692885
5525377
5858321
5635245
5401280
5868446
5840995
5508092
5910434
5534517
5797023
5773816
5533968
5785598
5404274
5650290
5875742
5819134
5959512
5405156
5849953
5367448
5865454
5729771
5908472
5813923
5696177
5768478
5864656
5655571
5499649
5770452
5701905
5565680
6029369
5579965
5847779
5692650
5472601
5612057
5584382
5822996
5772241
5542217
5530239
5655241
5705321
5613826
5679190
5615323
5649407
5627102
5959429
5658971
5454496
5668970
5464405
5676817
5418368
5773678
5910323
5566134
5784960
5735312
5696882
5793672
5720451
5316650
5812097
5287973
5542546
5792843
5673538
5578839
5430241
5476111
5578200
5527845
5691304
5540428
5651383
5651348
5906620
5743851
5659574
5570600
5558972
5694468
5805615
5963418
5613137
5868035
5605919
5739389
5617272
5485296
5473199
5764288
5632888
5892887
5827252
5786426
5817990
5554834
5486080
5942300
5249337
5415558
5852020
5779722
5373969
5721974
5367042
5293906
5586200
5642718
5865302
5796656
5868314
5590827
5811972
5754884
5997641
5792849
5487707
5601052
5963421
5629248
5777782
5401336
5615411
5565628
5648851
5659302
5609351
5492446
5797767
5468814
5540343
5694156
5645326
5847919
5721605
5649676
5767502
5420968
5656172
5484504
5866740
5728763
5539090
5669038
5581883
5671657
5493993
5425764
5588530
5714277
5921835
5621124
5877593
5621444
5571132
5661770
5652853
5741203
5241865
5492355
5690820
5386714
5568924
5895459
5562260
5471791
5618975
5767745
5291260
5621978
5541604
5851903
5231934
5753841
5748640
5480804
5624928
5593206
5404511
5477610
5762000
5782652
5845973
5987325
5975462
5748467
5593465
5605552
5469951
5581596
5792210
5689186
5417766
5746117
5681633
5562186
5732364
5590451
5743918
5456268
5595090
5541377
5660351
5710645
5878750
5487320
5521136
5766110
5821625
6044999
5900312
5956464
6060140
5871541
5466612
5806337
5844735
5718902
5693233
5691322
5308362
5516919
5705324
5565520
5893324
5717259
5385415
5676160
5654918
5754218
5796379
5877661
5560458
5229351
5594779
5756234
5623910
5894539
5264468
5664571
5769939
5813897
5482704
5659849
5539058
5375167
5657853
5665386
5318808
5642830
5507533
5504637
5676941
5746574
5604711
5517986
5792005
5499450
5398318
5663857
5872237
5718996
5845443
5733010
6219741
5740266
5952238
5917222
5700043
5777498
5959076
5416916
6003981
5558769
5648561
5950155
5885733
5766873
5354345
5972367
5835428
5746526
5347323
5926888
5405169
5830230
5891265
5345056
5817217
5624250
5295725
5339077
5617108
5459873
5578310
5487385
5540655
5761036
5797844
5852041
5235926
5789481
5647205
5849670
5539361
5770522
5649960
5606609
5541092
5663651
5702307
5322099
5619766
5280033
5521373
5332424
5689135
5636366
5757882
5603011
5647301
5421235
5531875
5666692
5582298
5699346
5802621
5622935
5530766
5314318
5759165
5888654
5812199
5630439
5917345
5444925
5759810
5417084
5737162
5852771
5664250
5559581
5591842
5421424
5538544
5682012
5746763
5892803
5474309
5403442
5847485
5684848
5714001
6130503
5672984
5783802
5624740
5743007
5701077
5665175
5571990
5648716
5490223
5795817
5738549
5913452
5550311
5855913
5461985
6060420
5735586
5870655
5764255
5771889
5870387
5671266
5667960
5893859
5773929
5756386
5577910
5344183
5453687
5546158
5482726
5451806
5564213
5820379
5582444
5639730
5409916
5623967
5520061
5657380
5607679
5764893
5591034
5472117
5701573
5443492
5829517
5743120
5803981
5699739
5389623
5905571
5731336
5406835
5498922
5533392
5957906
5724771
5544281
5652468
5452347
5352496
5885690
5747499
5603136
5548331
5702444
5832813
5379414
5381668
5642469
5563166
5777824
5489484
5632588
5783579
5883218
5789584
5750323
5862001
5833596
5887612
5435346
5655664
5789744
5633362
5585453
5485430
5565702
5717821
5700594
5613765
5661715
5400391
5625258
5542343
5620001
6026804
5619784
5417930
5443557
5540137
5503487
5782689
5483375
5668543
6011434
5533882
5820847
5769504
5895804
5539150
5485099
5544386
5915325
5604459
5880005
6009250
5419501
5588825
5794574
5572813
5877407
5737539
5293226
5417155
5383554
5444557
5680456
5640981
5600647
5604039
5778759
5717933
5733559
5642720
5752220
5481802
5779695
5722514
5440106
5522121
5852192
5600838
5257289
5546348
5951665
5575845
5630040
5434316
5529503
5526203
5483448
5846790
5625412
5683022
5735296
5765204
5531740
5742118
5785861
5879716
5868602
5575393
5956768
5594629
5570259
5578965
5463755
5396385
5823260
5538615
5802121
5730931
5494286
5454647
5580953
5576606
5630175
5775312
5628068
5713594
5548228
5814075
5500884
5572136
5669582
5474646
5413277
5472008
5767790
5850144
5710491
5729201
5537839
5806113
5704548
5618511
5857573
5590776
5423900
5750993
5727897
5475581
5766340
5564503
5745181
5740952
5565122
5665651
5349366
6097561
5766994
5536717
5806008
5646223
5610630
5387048
5838382
5910661
5530106
5454067
5523744
5669287
5579626
5812137
5715874
5618076
5443434
5844523
5780924
5746007
6203736
5639613
5799614
5666317
5765945
5681180
5721316
5893154
5769913
5930381
5655743
5625477
5624131
5554858
5796843
5549183
5521259
5682105
5265305
5786629
5651362
5810209
5616841
5594052
5387953
5640775
5614429
5305801
5630440
5718907
5910829
5486215
5543542
5586938
5602065
5457783
5584111
5805137
5629151
5548003
5910612
5674291
5763987
5815792
5879079
5722617
5291627
5506495
5780041
5526709
5694630
5520328
5819735
5760388
5286831
5525126
5441842
5720683
5477235
5529823
5653559
5453987
5807721
5706458
5688012
5690543
5809216
5636417
5717361
5786146
5703379
5505660
5724034
5779954
5837937
5636937
5669418
5566915
5559144
5434556
5615950
5798847
5885953
5515001
5640308
5751290
5694177
5797683
5715427
5678656
5651518
5754554
5700748
5852913
5687326
5812631
5792831
5557937
5822045
5688875
5465494
5589691
5474496
5752226
5571296
5516751
5904069
5577003
5569095
5635174
5388979
5789246
5534604
5731003
5908800
5726077
5483561
5908061
5325513
5809454
5872260
5722481
5706518
5437766
5468316
5663080
5627910
5879328
5550839
5506268
5750999
5704250
5706957
5665621
5770042
5280476
5466307
5641603
5662554
5532211
5846463
5677676
5982415
5500948
5592775
5573984
5495393
5566917
5866701
5940804
5530567
5441925
5716668
5443357
5606758
5494551
5572587
5792861
5457113
5419234
5716805
5391972
5420875
5425567
5456505
5560852
5862490
5543196
5489539
5445687
5355609
5966133
6066446
5735815
5873147
6005145
5827013
5717839
5606916
5610243
5870060
5595042
5490883
5396424
5556556
5692018
5652699
5508473
5828025
5839613
5414396
5727289
5887824
5947193
5370583
5362341
5596020
5846360
5586372
5703222
5859201
5528069
5628215
5744696
5663898
5488790
5574168
5907169
5765591
5644287
5389878
5482324
5862582
5986458
5718627
5360259
5552666
5244096
5589177
5555803
5447504
5507743
5645221
5594550
5552737
5681285
5659665
5615359
5482492
5549265
5445363
5555426
5625422
5876441
5479480
5975494
5920270
5603581
6097331
5829588
5613889
5816838
5767212
5823731
5572033
5802060
5743701
5855344
5740143
5697124
5507433
5663604
5765964
5403072
5726502
5591706
5583932
5482618
5391963
5225929
5557921
5605301
6113245
6079185
5690223
5488652
5960180
5558277
6168420
5553158
5800231
5806295
5530359
5670754
5715100
5398203
5841999
6021743
5869025
5699529
5808069
5938486
5689191
6014978
5711016
5727103
5734432
5342899
5326401
5233623
5568806
5549619
5493875
5711269
5693464
5481915
5953735
5626577
5630400
5726427
5801223
5692088
5977637
5285377
5802997
5508076
5593480
5438089
5308788
5388428
5134619
5643770
5677947
5555413
5720163
5576009
5739951
5605516
5765561
5310591
5654903
5783118
5635643
5902241
5822803
5547523
5803753
5619724
5383414
5611780
5615817
5564838
5412588
5484209
5634514
5625037
5459329
5714445
5810000
5313714
5698021
5513470
6141953
5693427
6182745
5518502
5469759
5580665
5706797
5866086
5680410
5429902
5848809
5747859
5748223
5711003
5508398
5808678
5501175
5750005
5429334
5567902
5818636
5898601
5411598
5770565
5479512
5716334
5756621
5679852
5466143
5497197
5689945
5561452
5784773
5649800
5652891
6008516
6010842
5424607
5568529
6020182
5733182
5518014
5491714
5728373
5777976
5876230
5560536
5570817
5528764
5590594
5418240
5928872
5766480
5918801
5655155
5787890
5765332
5936051
5621048
5756793
5591036
5733397
5545760
5703909
5469451
5535127
5677030
5563547
6195918
5717852
5570551
5781921
5676972
5641609
5720168
5692507
5621347
5924248
5813005
5486692
5726281
5271976
5454564
5679692
5671916
5294363
5486746
5618521
5467469
5517678
5720939
5408903
5335280
5594107
5779037
5525950
5562763
5655856
5698966
5725913
5623900
5340914
5555198
5443445
5564276
5709444
5684682
5217605
5381951
5534843
5266731
5557306
5740910
5672447
5627062
5550691
5517170
5571359
5804123
5477567
5505370
5349783
5804340
5702056
5734221
5793936
5904567
5447986
5802240
5543971
5723990
5338797
5804002
5468368
5392300
5745062
5374227
5683727
5664197
5591596
5938486
5610021
5686460
5905125
5784978
5472696
5692162
5534970
5678708
5713131
5450164
5601503
5754054
5438127
5501048
5661708
5847781
5551583
5898302
5721249
5489843
5337280
5644300
5874203
5399265
5534936
5620021
5924145
5615088
5856579
5828426
5747227
5785114
5475840
5379155
5501872
5734701
5952361
5397939
5896041
5658695
5483223
5617965
5790843
5940587
5682028
5570960
5857810
5681980
5695837
5794447
5623175
6074849
5939822
5676593
5277711
5726230
5504997
5440966
5810953
5788696
5730718
5880070
5385684
5837685
5717427
5450215
5854421
5644800
5880280
5634194
5759556
5819940
5774642
6022098
5736090
5672716
5492389
5803388
5815875
5952454
5607086
5632307
5496584
5472509
5838034
5433547
5531659
5772567
5616812
5648921
5707108
5669159
5637771
5643917
5708165
5489151
5367762
5484470
5912795
5076438
5330222
5522031
5612920
5640960
5547192
5755759
5454201
6002884
5890466
5565556
5473233
5692707
5658762
5443763
5949940
5434210
5728334
5633674
5853717
5726717
5530300
5994070
5602136
5365289
5473905
5549451
5573840
5517110
5856918
5446592
5344850
5716918
5519176
5770806
5419051
5632870
5995005
5579509
5441102
5638540
5363495
5687453
5459268
5959311
5531022
5439862
5863952
5340859
5693901
5555635
5558211
5545940
5710355
5564186
5634400
5766118
5711425
5578851
6110749
6396852
5748831
5580732
5568347
5633060
5546014
5608585
5527569
5522152
5450496
5661576
5625521
5769682
5531794
5663274
5596631
5371513
5600971
5742823
5689935
5452150
5709501
5523156
5422695
5398753
5652926
5884303
5651268
5505863
5555390
5545829
5962677
5538392
5550697
5763447
5396733
5444174
5852401
5268616
5663643
5402393
5823292
5440787
5571116
5531325
5822786
5473627
5695881
5771443
5263740
5684840
5541724
5839112
5558241
5774497
5873889
5704085
5689789
5833447
5548803
5604658
5642700
5583236
5489015
5477119
5738450
5614706
5784069
5336748
5566270
5743713
5809018
5246930
5776974
5645705
5754627
5647019
5925171
5507821
5676483
5588341
5390642
5816049
5658173
5272292
6001044
5510712
5686143
5808950
5543076
5948108
5653413
5440867
5575304
5759249
5612004
5485778
5490606
5980846
5413855
5613339
5775059
5712112
5764334
5618624
5845285
5597901
5813279
5536574
5805317
5679905
5820808
5718236
5509050
5924170
5701544
5739622
5715780
5784869
5695004
5418305
5762714
5350982
5747995
6129174
5920330
5444007
5946978
5494066
5429985
5776191
5629908
5779817
5662580
5462323
5496098
5720874
5711631
5285173
5779852
5400632
5544584
5934810
5953049
5642759
5595173
5555463
5769925
5550066
5507825
5425493
5652904
5929623
5233960
5571873
5566950
5705717
5500026
5673416
5125507
5655916
5627969
5407877
5828539
5627954
5465903
5560450
5587855
5460324
5787619
6198132
5477664
5553599
5801536
5739172
5542705
6061839
5553385
5847723
5488049
5699304
5384740
5826687
5640457
5740197
5728753
5473554
5681911
5590501
5551687
5331205
5662807
5878718
5575847
5861788
5616001
5781002
5653786
5871254
5748521
5615854
5635813
5759597
5487726
5661709
5480815
5585141
5417943
5653834
5759464
5757718
5857589
5473443
5759494
5882283
6040277
5741705
5483211
5353794
5714775
5796813
5575177
5681763
5682243
5668920
5419860
5402434
5565445
5493914
5534211
5594542
5786799
5441758
5643626
5382963
5431949
5764068
5233601
5534309
5656058
5764427
5594931
5278523
5729941
5866463
5604862
5867643
5763751
5476033
5407128
5365262
5604692
6137816
5605486
5549285
5338777
5460936
5570350
5553340
5826813
5534238
5374066
5624424
5517152
5537674
5325653
5921815
5766245
5701255
5760824
5513352
5726587
5663590
5494335
5677436
5527877
5543287
5735268
5880529
5668454
5538345
5750064
5456505
5477662
5446019
5685776
5800052
5685263
5871578
5256022
5610201
5786974
5966111
5567391
5183599
5743977
5879572
5337331
5345396
5481287
5250645
5559838
5489122
5474639
5667978
5782628
5659715
5583657
5802437
5671269
5612116
5553426
5786122
5380841
5801415
5646602
5744729
5528914
5351719
5595751
5416357
5691040
5622906
5667592
5439675
5477063
5709262
5415687
5640190
5831351
5814607
5783807
5630275
5633749
5691426
5603547
5709232
5982152
5591792
5514773
5954156
5640690
5770646
5609666
5300366
5349372
5902027
5376209
5689945
5290669
5912202
5939474
5747120
5530877
5488059
5624219
5535463
5587946
5475611
5314913
5817646
5679103
5545151
5784355
5692442
5397211
5524261
5409390
5566381
5442909
5801374
5669006
5777124
5653324
5744567
5218206
5650101
5867379
5798876
5760389
5906090
5875732
5545204
5808437
5528780
5673371
5677663
5764611
5441257
5786857
5448182
5346279
5548272
5895251
5439986
5413036
5580752
5338195
5606427
5889986
5307799
5889467
5831768
5659027
5777863
5756299
5397401
5628722
5523895
5701323
5654389
5627345
5884339
5524879
5683462
5617965
5452600
5637633
5553410
5394986
5751309
5909301
5586074
5582819
5588216
5648964
5566266
5598230
5545886
5694106
5559058
5508157
5735958
5659009
5759153
5920576
5933736
5501792
5513437
5734780
5449008
5509858
5691976
5662133
5375424
5720988
5650294
5755730
5629550
5601773
5649095
5311041
5508224
5325369
5705133
5433741
5371534
5655685
5702349
5726913
5807919
5933803
5773581
5510975
5774217
5822296
5891285
5639419
5831068
5623147
5540639
5553475
5662079
5819647
5574355
5578112
5459835
5771998
5512302
5536007
5571786
5733217
5156691
5657641
